0 136
0 137
1 136
1 137
1 138
2 136
3 136
3 138
4 139
5 140
6 136
7 136
7 138
8 139
9 140
9 136
10 139
11 139
12 136
13 138
14 138
15 139
16 136
17 139
18 139
19 139
20 136
21 139
22 139
23 136
24 136
25 136
26 140
26 136
27 136
28 139
29 136
30 136
30 137
30 138
31 140
32 139
33 136
34 136
35 137
36 137
37 139
37 140
38 138
39 137
40 136
40 138
41 139
42 137
43 139
44 140
44 136
45 136
46 139
47 140
48 139
49 137
50 139
51 139
52 136
53 139
54 136
54 138
55 138
56 139
57 137
58 136
59 138
60 139
61 136
62 139
63 136
64 136
65 139
66 139
67 139
68 139
69 136
70 136
71 139
72 136
73 137
74 139
75 136
76 138
77 139
78 139
79 136
80 139
81 136
82 139
83 136
83 138
84 139
85 136
86 139
87 139
88 137
88 138
89 139
90 136
91 136
92 136
93 136
94 139
95 136
96 139
97 137
98 138
99 139
100 138
101 136
102 136
103 139
104 137
104 138
105 139
105 136
105 137
106 136
107 139
108 136
109 136
110 139
111 140
112 139
113 136
114 136
115 136
116 136
117 138
118 136
119 136
120 139
121 136
122 140
123 137
124 139
124 136
125 139
125 136
125 137
125 138
126 139
127 139
128 139
128 140
129 138
130 136
131 139
132 139
133 137
134 136
135 136
135 138
